10
99
0 1 63.034 29.086
0 2 99.289 2.324
0 3 52.937 5.535
0 4 79.938 14.664
0 5 73.952 24.835
0 6 27.668 26.194
0 7 4.887 13.3
0 8 23.364 5.415
0 9 19.036 9.824
1 2 31.642 16.766
1 3 62.499 13.041
1 4 50.177 26.813
1 5 24.778 5.483
1 6 13.51 23.706
1 7 20.069 8.909
1 8 1.613 12.529
1 9 21.426 2.956
2 3 51.656 22.502
2 4 10.487 3.82
2 5 71.134 0.203
2 6 28.953 0.027
2 7 1.151 1.644
2 8 63.015 0.11
2 9 98.312 25.096
3 4 90.287 23.163
3 5 4.274 4.575
3 6 91.656 18.847
3 7 9.733 6.692
3 8 15.281 12.183
3 9 11.74 19.915
4 5 12.276 20.928
4 6 73.92 27.554
4 7 63.672 9.96
4 8 69.701 19.03
4 9 37.595 23.687
5 6 39.132 11.061
5 7 96.443 27.669
5 8 70.09 22.393
5 9 90.944 21.383
6 7 86.364 9.862
6 8 15.745 6.606
6 9 28.008 0.576
7 8 77.524 15.229
7 9 43.899 21.132
8 9 94.727 13.58