20
99
0 1 6.283 2.877
0 2 23.677 2.436
0 3 9.948 4.547
0 4 10.613 7.254
0 5 61.352 6.45
0 6 62.555 2.752
0 7 52.223 3.825
0 8 18.752 6.293
0 9 59.385 7.332
0 10 73.164 5.564
0 11 73.304 5.897
0 12 86.908 7.887
0 13 54.868 7.021
0 14 99.104 6.933
0 15 48.877 5.057
0 16 75.987 5.768
0 17 60.752 2.719
0 18 32.668 6.725
0 19 65.828 4.852
1 2 70.038 1.447
1 3 23.118 1.497
1 4 51.752 1.713
1 5 56.922 1.201
1 6 80.137 0.835
1 7 88.846 2.285
1 8 27.946 4.283
1 9 36.173 2.015
1 10 1.077 2.922
1 11 50.688 1.116
1 12 20.493 2.551
1 13 78.255 6.314
1 14 5.315 3.725
1 15 62.302 2.431
1 16 40.244 6.832
1 17 13.393 2.049
1 18 76.822 7.289
1 19 58.658 5.01
2 3 52.987 4.386
2 4 1.453 5.018
2 5 29.789 1.997
2 6 50.108 5.283
2 7 55.213 2.406
2 8 69.211 6.581
2 9 68.933 6.612
2 10 90.579 3.805
2 11 70.902 6.211
2 12 53.095 3.775
2 13 48.57 4.374
2 14 58.594 2.155
2 15 93.479 1.91
2 16 45.449 1.871
2 17 31.578 3.385
2 18 90.188 0.305
2 19 51.304 5.275
3 4 20.628 3.982
3 5 1.163 6.48
3 6 11.568 1.599
3 7 99.064 0.085
3 8 11.089 6.783
3 9 25.478 3.548
3 10 5.807 2.662
3 11 86.736 1.393
3 12 37.903 6.188
3 13 92.198 0.515
3 14 64.884 4.696
3 15 97.264 4.101
3 16 2.849 1.88
3 17 88.585 7.514
3 18 58.89 6.602
3 19 2.42 4.008
4 5 73.647 7.478
4 6 83.556 2.922
4 7 60.823 1.986
4 8 87.232 7.647
4 9 45.677 4.816
4 10 96.114 4.595
4 11 29.401 4.246
4 12 64.401 4.538
4 13 71.929 2.412
4 14 87.269 2.21
4 15 42.204 5.051
4 16 76.571 7.358
4 17 54.334 1.928
4 18 56.722 1.76
4 19 5.808 3.721
5 6 89.767 6.524
5 7 17.349 7.194
5 8 83.49 4.773
5 9 4.903 4.094
5 10 27.687 0.677
5 11 74.695 7.612
5 12 9.593 4.817
5 13 79.839 5.155
5 14 67.828 5.039
5 15 30.905 7.166
5 16 54.338 0.632
5 17 84.332 4.633
5 18 33.331 6.152
5 19 72.45 6.874
6 7 6.969 4.977
6 8 11.033 7.445
6 9 37.418 4.234
6 10 4.992 4.87
6 11 2.782 6.417
6 12 0.785 6.277
6 13 87.435 0.864
6 14 29.3 4.298
6 15 97.917 5.568
6 16 63.585 0.085
6 17 40.819 7.01
6 18 57.001 3.075
6 19 37.962 0.907
7 8 49.045 3.778
7 9 59.106 5.555
7 10 64.544 5.318
7 11 18.818 3.083
7 12 89.581 2.21
7 13 88.377 0.67
7 14 95.279 4.058
7 15 95.397 3.913
7 16 51.679 4.201
7 17 33.591 4.483
7 18 23.478 3.946
7 19 62.251 1.306
8 9 14.552 6.329
8 10 81.911 0.718
8 11 32.061 4.349
8 12 19.967 0.935
8 13 93.535 0.224
8 14 25.767 6.798
8 15 37.845 2.663
8 16 38.874 4.674
8 17 87.478 2.741
8 18 72.062 6.405
8 19 40.367 4.114
9 10 65.34 6.282
9 11 2.503 6.464
9 12 59.36 7.318
9 13 23.738 6.305
9 14 5.624 6.904
9 15 79.115 7.007
9 16 54.435 4.561
9 17 81.132 5.442
9 18 98.694 7.347
9 19 13.645 2.681
10 11 26.08 6.972
10 12 56.671 0.08
10 13 11.893 2.638
10 14 92.211 0.679
10 15 3.723 4.81
10 16 92.454 1.726
10 17 21.41 5.108
10 18 97.613 4.447
10 19 51.105 5.65
11 12 5.806 4.742
11 13 44.013 1.377
11 14 85.153 7.577
11 15 94.235 3.483
11 16 78.776 5.092
11 17 51.391 7.147
11 18 91.385 5.696
11 19 61.815 3.373
12 13 88.113 0.069
12 14 72.29 3.144
12 15 18.411 5.405
12 16 9.617 2.476
12 17 12.213 3.843
12 18 72.577 0.477
12 19 29.2 1.265
13 14 32.655 4.48
13 15 11.647 2.673
13 16 84.931 4.008
13 17 47.811 1.789
13 18 78.257 1.206
13 19 40.188 4.224
14 15 22.155 0.201
14 16 93.256 3.571
14 17 28.511 7.738
14 18 98.471 5.379
14 19 76.499 5.955
15 16 50.918 5.084
15 17 26.273 6.64
15 18 75.311 5.675
15 19 51.711 6.119
16 17 5.45 4.681
16 18 9.128 7.923
16 19 62.888 4.205
17 18 49.158 0.797
17 19 59.082 3.429
18 19 28.262 1.287