50
99
0 1 83.93 0.173
0 2 79.001 0.32
0 3 24.407 1.392
0 4 36.592 0.893
0 5 43.234 1.347
0 6 26.086 0.36
0 7 23.59 0.08
0 8 93.719 1.181
0 9 52.979 1.156
0 10 47.35 0.411
0 11 71.416 1.473
0 12 82.441 1.157
0 13 49.712 1.415
0 14 98.527 0.179
0 15 7.154 0.664
0 16 56.35 1.232
0 17 68.828 1.167
0 18 99.044 0.571
0 19 15.533 1.14
0 20 52.775 1.446
0 21 73.779 1.022
0 22 70.924 0.26
0 23 40.412 1.429
0 24 28.993 0.929
0 25 85.879 1.394
0 26 5.873 0.488
0 27 87.838 0.765
0 28 78.31 0.073
0 29 65.457 1.076
0 30 59.802 0.092
0 31 2.581 0.013
0 32 56.719 0.838
0 33 24.505 0.186
0 34 93.335 0.497
0 35 75.706 0.04
0 36 51.509 1.245
0 37 70.765 0.433
0 38 43.209 0.731
0 39 27.369 1.471
0 40 20.93 0.77
0 41 61.451 0.407
0 42 94.261 0.111
0 43 43.274 0.592
0 44 19.371 1.249
0 45 1.513 1.052
0 46 51.85 0.766
0 47 88.994 1.217
0 48 90.396 0.825
0 49 94.566 0.879
1 2 8.647 0.15
1 3 14.432 0.782
1 4 71.432 0.882
1 5 83.513 0.364
1 6 65.238 0.795
1 7 82.197 0.643
1 8 59.182 0.536
1 9 82.348 0.106
1 10 42.864 0.113
1 11 54.297 0.768
1 12 12.536 0.529
1 13 28.845 0.227
1 14 85.428 0.687
1 15 7.679 0.507
1 16 55.963 1.438
1 17 14.299 0.41
1 18 91.658 0.81
1 19 93.818 0.57
1 20 14.308 0.148
1 21 77.668 0.238
1 22 29.78 1.097
1 23 13.702 0.614
1 24 56.377 0.685
1 25 55.822 0.657
1 26 64.639 1.049
1 27 12.125 0.929
1 28 37.572 1.469
1 29 23.476 0.017
1 30 53.193 0.153
1 31 94.697 0.592
1 32 24.48 0.519
1 33 54.618 0.486
1 34 8.141 0.107
1 35 41.465 0.903
1 36 28.973 1.316
1 37 68.037 1.028
1 38 6.801 0.899
1 39 35.651 1.449
1 40 26.095 1.436
1 41 84.974 1.238
1 42 25.597 0.839
1 43 6.047 1.303
1 44 30.254 1.077
1 45 87.459 1.356
1 46 16.823 0.698
1 47 27.418 1.36
1 48 21.174 1.086
1 49 59.008 1.493
2 3 14.297 1.383
2 4 8.535 1.252
2 5 14.842 1.317
2 6 60.871 1.163
2 7 97.708 0.457
2 8 70.505 1.296
2 9 33.154 0.811
2 10 97.12 0.084
2 11 12.096 0.749
2 12 22.7 1.026
2 13 93.158 0.605
2 14 66.637 0.916
2 15 12.175 0.813
2 16 31.951 0.552
2 17 55.101 0.174
2 18 35.003 0.305
2 19 20.368 0.084
2 20 3.21 0.741
2 21 75.315 0.705
2 22 67.708 0.852
2 23 1.337 0.163
2 24 74.732 0.108
2 25 71.027 1.411
2 26 92.45 1.471
2 27 98.341 0.931
2 28 50.625 0.488
2 29 77.682 0.809
2 30 34.342 0.168
2 31 3.333 0.967
2 32 54.144 0.785
2 33 57.126 0.127
2 34 81.136 0.342
2 35 65.539 0.33
2 36 64.743 0.495
2 37 42.164 1.104
2 38 22.54 0.55
2 39 60.967 1.454
2 40 91.873 0.241
2 41 53.476 0.452
2 42 86.461 1.118
2 43 15.966 0.312
2 44 55.065 0.36
2 45 32.916 0.916
2 46 75.313 0.356
2 47 2.764 0.53
2 48 48.141 1.116
2 49 35.173 0.55
3 4 64.907 0.239
3 5 74.884 0.79
3 6 71.614 0.475
3 7 13.486 1.388
3 8 0.876 0.821
3 9 12.831 0.014
3 10 52.693 0.597
3 11 91.379 0.311
3 12 53.611 1.339
3 13 65.969 0.746
3 14 17.802 0.254
3 15 42.511 1.382
3 16 26.08 1.193
3 17 43.193 0.238
3 18 53.145 1.118
3 19 49.926 0.596
3 20 95.776 1.267
3 21 78.764 0.205
3 22 18.909 0.287
3 23 14.98 0.528
3 24 30.407 0.619
3 25 87.536 0.112
3 26 64.975 1.198
3 27 61.559 0.95
3 28 90.038 0.987
3 29 6.026 0.734
3 30 78.316 0.499
3 31 25.605 0.519
3 32 18.586 0.181
3 33 68.53 1.001
3 34 37.362 0.422
3 35 81.848 0.636
3 36 59.893 1.174
3 37 81.554 1.425
3 38 86.247 0.578
3 39 3.388 0.956
3 40 78.724 0.229
3 41 59.833 0.194
3 42 13.89 0.771
3 43 8.735 0.662
3 44 61.556 1.075
3 45 47.137 0.929
3 46 29.355 1.388
3 47 96.309 0.193
3 48 88.922 0.589
3 49 94.308 0.514
4 5 51.436 0.65
4 6 28.459 1.194
4 7 37.791 0.725
4 8 12.879 0.243
4 9 67.246 0.827
4 10 53.918 0.806
4 11 16.032 0.054
4 12 78.331 1.183
4 13 58.608 1.082
4 14 38.346 1.063
4 15 76.538 1.245
4 16 92.251 0.824
4 17 65.935 1.095
4 18 10.607 0.914
4 19 48.049 0.853
4 20 81.106 0.237
4 21 13.456 0.315
4 22 64.356 0.477
4 23 21.326 1.438
4 24 91.239 1.348
4 25 80.223 1.114
4 26 75.026 1.073
4 27 13.608 1.238
4 28 26.508 0.302
4 29 11.234 0.705
4 30 62.571 0.597
4 31 23.237 0.934
4 32 28.804 0.896
4 33 48.943 0.427
4 34 50.795 0.763
4 35 73.022 1.052
4 36 44.697 0.504
4 37 84.299 0.905
4 38 40.57 0.18
4 39 80.791 1.275
4 40 30.823 1.182
4 41 38.61 0.157
4 42 38.157 0.586
4 43 63.419 0.576
4 44 44.304 0.003
4 45 77.692 0.26
4 46 28.043 0.252
4 47 35.706 1.349
4 48 92.28 0.724
4 49 62.463 1.44
5 6 47.315 0.108
5 7 63.464 0.434
5 8 33.522 0.555
5 9 60.915 0.685
5 10 69.388 0.947
5 11 42.044 0.158
5 12 83.613 1.037
5 13 70.745 0.266
5 14 93.17 1.291
5 15 59.697 0.53
5 16 82.331 0.594
5 17 56.097 1.13
5 18 43.475 1.034
5 19 2.629 0.294
5 20 40.784 0.261
5 21 99.864 0.104
5 22 7.269 0.964
5 23 9.913 0.733
5 24 5.295 0.61
5 25 30.734 0.688
5 26 42.131 0.081
5 27 99.817 0.78
5 28 17.752 0.104
5 29 46.493 0.985
5 30 68.067 0.549
5 31 23.909 1.285
5 32 4.795 0.236
5 33 50.207 0.335
5 34 86.301 0.233
5 35 36.997 1.221
5 36 20.535 1.487
5 37 7.925 1.475
5 38 64.921 0.493
5 39 49.786 0.309
5 40 99.493 0.78
5 41 14.276 1.075
5 42 70.352 0.673
5 43 34.53 1.334
5 44 51.589 0.211
5 45 81.128 0.165
5 46 31.549 0.41
5 47 90.807 1.48
5 48 94.562 1.301
5 49 72.749 0.215
6 7 60.528 1.396
6 8 91.955 0.142
6 9 27.366 0.882
6 10 96.344 0.056
6 11 24.807 0.022
6 12 91.106 1.336
6 13 27.342 1.45
6 14 4.62 1.328
6 15 70.126 0.317
6 16 16.976 1.01
6 17 61.344 0.706
6 18 89.232 0.263
6 19 56.982 0.395
6 20 89.545 0.852
6 21 41.223 1.254
6 22 26.97 1.179
6 23 8.873 0.267
6 24 54.128 1.454
6 25 8.85 1.164
6 26 30.087 0.05
6 27 66.227 0.66
6 28 83.121 1.295
6 29 34.993 0.453
6 30 98.254 1.176
6 31 38.049 0.356
6 32 33.244 0.959
6 33 55.425 0.473
6 34 74.66 0.055
6 35 37.314 0.885
6 36 28.176 0.858
6 37 66.274 1.235
6 38 73.639 0.615
6 39 57.884 0.335
6 40 88.66 0.463
6 41 24.332 0.174
6 42 42.264 0.882
6 43 93.603 0.562
6 44 91.639 0.682
6 45 33.901 1.163
6 46 0.011 0.641
6 47 35.036 0.356
6 48 74.052 1.387
6 49 61.001 0.277
7 8 89.017 1.263
7 9 21.805 1.288
7 10 50.92 0.436
7 11 41.77 1.35
7 12 37.992 1.156
7 13 67.464 0.641
7 14 23.04 0.496
7 15 91.777 0.927
7 16 63.69 0.845
7 17 48.313 0.156
7 18 66.919 0.344
7 19 29.727 1.239
7 20 83.117 0.14
7 21 4.032 1.35
7 22 18.803 1.455
7 23 80.935 0.491
7 24 90.164 0.563
7 25 79.898 1.0
7 26 17.939 0.152
7 27 61.25 1.163
7 28 11.047 1.157
7 29 83.973 0.496
7 30 78.203 0.291
7 31 17.694 1.385
7 32 56.371 0.654
7 33 26.946 0.448
7 34 22.193 0.803
7 35 8.894 0.134
7 36 85.841 0.281
7 37 38.762 0.898
7 38 26.205 0.582
7 39 51.673 0.694
7 40 68.588 0.828
7 41 55.217 1.093
7 42 24.629 0.448
7 43 71.821 1.306
7 44 21.125 0.834
7 45 10.326 0.434
7 46 80.689 0.962
7 47 82.678 1.283
7 48 13.848 1.052
7 49 73.66 0.705
8 9 30.37 0.975
8 10 3.491 1.168
8 11 99.61 0.994
8 12 23.185 0.932
8 13 80.315 0.291
8 14 89.272 0.378
8 15 21.344 0.306
8 16 88.875 0.206
8 17 88.115 0.893
8 18 17.83 1.141
8 19 39.389 0.663
8 20 55.228 0.607
8 21 17.661 0.932
8 22 43.928 0.348
8 23 37.568 0.834
8 24 6.117 1.22
8 25 15.862 0.316
8 26 50.752 0.2
8 27 74.631 0.914
8 28 22.256 0.448
8 29 55.758 0.71
8 30 64.333 0.776
8 31 37.827 0.956
8 32 33.835 0.042
8 33 14.865 0.285
8 34 60.508 1.152
8 35 63.13 0.934
8 36 29.082 1.073
8 37 34.5 1.092
8 38 96.465 0.865
8 39 29.673 0.883
8 40 9.064 0.115
8 41 98.736 0.504
8 42 6.859 1.265
8 43 42.612 0.919
8 44 1.567 0.617
8 45 0.723 0.815
8 46 13.804 0.412
8 47 67.058 0.283
8 48 39.905 0.914
8 49 13.747 1.361
9 10 25.293 0.513
9 11 95.993 0.957
9 12 39.341 1.405
9 13 72.261 0.833
9 14 71.209 0.207
9 15 48.96 0.047
9 16 19.79 0.113
9 17 7.48 0.667
9 18 16.137 0.313
9 19 3.607 0.087
9 20 92.083 0.604
9 21 61.585 1.399
9 22 79.813 1.161
9 23 49.109 0.991
9 24 23.983 0.652
9 25 47.717 1.105
9 26 87.262 0.407
9 27 52.238 0.719
9 28 9.679 1.26
9 29 54.104 0.578
9 30 71.006 0.093
9 31 90.873 0.796
9 32 47.814 0.833
9 33 22.855 0.349
9 34 51.628 0.194
9 35 64.596 0.848
9 36 84.587 0.882
9 37 98.21 0.177
9 38 21.233 0.64
9 39 89.403 1.076
9 40 50.607 1.141
9 41 50.804 1.3
9 42 50.154 0.633
9 43 10.098 1.448
9 44 62.132 1.262
9 45 83.902 1.142
9 46 52.09 0.286
9 47 14.771 0.432
9 48 61.074 0.892
9 49 11.988 1.238
10 11 21.81 0.674
10 12 76.174 0.924
10 13 24.205 0.806
10 14 83.687 0.817
10 15 1.754 0.134
10 16 45.069 1.291
10 17 2.479 1.063
10 18 28.839 0.374
10 19 88.584 0.268
10 20 32.108 1.302
10 21 91.327 0.484
10 22 82.996 0.926
10 23 64.353 1.04
10 24 61.478 0.786
10 25 58.949 0.513
10 26 36.858 0.245
10 27 85.937 1.027
10 28 35.513 0.665
10 29 31.24 0.384
10 30 49.902 0.365
10 31 46.07 0.425
10 32 5.841 1.307
10 33 49.267 0.845
10 34 93.28 0.251
10 35 68.392 0.929
10 36 56.711 0.444
10 37 9.716 0.379
10 38 56.014 1.156
10 39 10.232 0.24
10 40 23.467 1.353
10 41 91.942 0.076
10 42 46.265 1.148
10 43 37.453 0.027
10 44 89.415 0.291
10 45 97.925 1.319
10 46 24.217 0.235
10 47 36.12 0.19
10 48 79.256 1.075
10 49 61.434 0.777
11 12 44.715 0.411
11 13 39.287 0.159
11 14 86.205 0.501
11 15 25.078 0.86
11 16 29.907 0.293
11 17 14.369 1.316
11 18 94.115 0.394
11 19 59.942 0.899
11 20 18.611 1.352
11 21 73.057 0.777
11 22 97.566 0.1
11 23 24.842 0.235
11 24 91.999 0.177
11 25 11.953 1.271
11 26 76.11 0.079
11 27 74.942 1.198
11 28 3.142 0.941
11 29 21.267 0.356
11 30 99.868 1.418
11 31 89.543 0.507
11 32 95.336 1.223
11 33 22.278 0.243
11 34 8.303 0.939
11 35 4.131 1.424
11 36 85.533 0.34
11 37 62.168 0.839
11 38 13.046 0.553
11 39 66.467 0.359
11 40 7.501 0.735
11 41 16.246 0.288
11 42 47.855 0.111
11 43 42.163 1.346
11 44 69.606 1.426
11 45 4.357 1.274
11 46 55.812 0.56
11 47 28.274 0.838
11 48 55.823 0.146
11 49 66.719 0.956
12 13 19.236 1.2
12 14 32.498 0.624
12 15 24.966 0.236
12 16 83.666 0.426
12 17 27.661 0.793
12 18 80.945 1.241
12 19 47.491 0.861
12 20 25.787 0.287
12 21 87.056 0.007
12 22 0.885 1.32
12 23 54.502 0.346
12 24 53.884 1.401
12 25 47.316 0.762
12 26 54.943 0.07
12 27 84.641 0.568
12 28 79.757 0.81
12 29 32.362 0.397
12 30 77.018 1.38
12 31 58.896 0.077
12 32 94.311 0.557
12 33 5.355 0.352
12 34 35.295 0.153
12 35 33.214 1.202
12 36 96.213 1.275
12 37 46.451 1.226
12 38 13.776 0.757
12 39 50.91 1.301
12 40 94.446 0.432
12 41 35.82 0.111
12 42 75.592 1.29
12 43 81.772 0.826
12 44 15.035 1.265
12 45 63.634 0.817
12 46 50.683 1.483
12 47 94.902 0.85
12 48 55.564 0.892
12 49 28.776 0.681
13 14 27.021 1.393
13 15 44.42 1.279
13 16 66.408 0.319
13 17 73.878 1.461
13 18 42.336 1.151
13 19 35.937 1.012
13 20 13.24 0.227
13 21 29.73 0.734
13 22 2.933 0.583
13 23 87.318 0.413
13 24 64.323 1.492
13 25 25.478 0.04
13 26 49.083 0.27
13 27 15.186 0.037
13 28 14.786 0.553
13 29 61.724 0.138
13 30 17.54 1.228
13 31 11.975 0.597
13 32 12.302 0.302
13 33 93.981 1.478
13 34 71.841 1.304
13 35 32.25 1.427
13 36 74.01 0.014
13 37 46.197 0.959
13 38 48.777 0.945
13 39 10.712 0.463
13 40 46.621 0.787
13 41 95.115 0.676
13 42 16.323 0.204
13 43 54.386 1.113
13 44 46.329 0.342
13 45 69.345 0.383
13 46 28.647 0.908
13 47 99.269 0.433
13 48 43.111 0.609
13 49 32.684 0.783
14 15 4.978 0.35
14 16 35.597 1.306
14 17 89.659 0.603
14 18 65.051 0.805
14 19 37.943 1.496
14 20 64.558 1.123
14 21 67.266 0.757
14 22 10.866 1.004
14 23 39.704 0.191
14 24 44.181 0.185
14 25 73.973 0.557
14 26 15.066 1.126
14 27 86.257 0.942
14 28 9.207 1.32
14 29 80.882 0.403
14 30 21.614 1.365
14 31 9.578 0.223
14 32 76.925 1.242
14 33 49.391 0.871
14 34 23.914 1.266
14 35 46.93 0.293
14 36 82.377 0.882
14 37 13.233 0.843
14 38 67.058 0.592
14 39 97.91 0.287
14 40 71.819 0.34
14 41 84.209 1.333
14 42 70.579 0.007
14 43 51.272 1.185
14 44 21.435 0.864
14 45 33.993 0.799
14 46 12.261 1.048
14 47 17.41 0.946
14 48 89.602 1.493
14 49 65.154 1.214
15 16 36.297 1.295
15 17 92.793 0.814
15 18 93.189 0.53
15 19 85.7 1.452
15 20 13.242 0.559
15 21 47.143 0.201
15 22 3.408 0.368
15 23 73.627 0.406
15 24 41.107 0.605
15 25 78.426 1.375
15 26 47.635 0.178
15 27 18.674 0.808
15 28 48.534 1.433
15 29 53.207 0.621
15 30 65.93 0.034
15 31 80.148 1.001
15 32 53.262 0.491
15 33 72.249 0.743
15 34 16.748 0.763
15 35 53.783 0.81
15 36 59.404 0.894
15 37 94.901 1.484
15 38 17.678 0.791
15 39 63.831 0.351
15 40 5.465 1.485
15 41 80.68 1.042
15 42 18.795 0.975
15 43 54.043 0.864
15 44 15.378 0.665
15 45 17.297 0.297
15 46 30.64 0.991
15 47 93.104 1.191
15 48 3.909 0.411
15 49 18.948 1.361
16 17 19.205 0.934
16 18 43.238 1.357
16 19 84.318 1.338
16 20 9.745 1.238
16 21 53.892 1.094
16 22 92.053 0.52
16 23 89.223 0.871
16 24 72.925 0.315
16 25 27.145 1.019
16 26 44.346 0.473
16 27 65.528 1.314
16 28 78.97 0.912
16 29 24.595 0.125
16 30 47.69 0.957
16 31 18.491 0.998
16 32 83.713 0.579
16 33 22.683 1.033
16 34 98.777 0.513
16 35 49.631 1.244
16 36 83.87 0.265
16 37 78.411 1.141
16 38 75.403 0.041
16 39 48.883 1.096
16 40 12.264 1.08
16 41 72.796 0.732
16 42 68.099 0.418
16 43 62.168 0.793
16 44 64.185 0.092
16 45 54.363 1.056
16 46 8.988 0.023
16 47 57.199 1.212
16 48 56.706 1.045
16 49 62.244 1.179
17 18 26.92 0.189
17 19 34.36 1.433
17 20 44.758 0.787
17 21 46.123 1.359
17 22 19.709 0.906
17 23 94.425 1.305
17 24 13.8 0.107
17 25 65.258 0.964
17 26 52.241 1.055
17 27 87.86 0.117
17 28 93.268 1.333
17 29 58.83 0.519
17 30 90.704 0.888
17 31 26.744 1.498
17 32 30.759 0.17
17 33 35.633 0.563
17 34 93.391 1.288
17 35 73.094 0.877
17 36 22.888 0.414
17 37 33.819 1.487
17 38 53.884 1.128
17 39 83.066 1.036
17 40 57.829 0.771
17 41 32.946 1.376
17 42 62.144 0.507
17 43 38.193 0.336
17 44 11.381 0.13
17 45 30.216 0.9
17 46 67.916 0.013
17 47 42.905 0.066
17 48 59.724 1.364
17 49 30.773 0.382
18 19 36.096 1.394
18 20 68.862 0.173
18 21 54.794 1.377
18 22 39.61 1.351
18 23 69.746 0.6
18 24 65.532 1.413
18 25 80.142 0.351
18 26 25.118 0.858
18 27 60.159 0.783
18 28 92.715 0.35
18 29 67.127 0.785
18 30 57.777 0.214
18 31 31.925 0.564
18 32 22.199 1.393
18 33 98.601 1.249
18 34 48.4 0.679
18 35 99.231 1.118
18 36 26.143 1.461
18 37 38.245 0.029
18 38 29.823 0.532
18 39 56.264 0.13
18 40 6.222 1.373
18 41 80.116 0.774
18 42 65.318 0.95
18 43 23.05 0.57
18 44 65.68 1.003
18 45 52.487 1.076
18 46 52.124 0.691
18 47 94.828 0.806
18 48 69.19 0.763
18 49 31.474 0.37
19 20 33.311 0.646
19 21 92.135 0.416
19 22 68.474 0.052
19 23 36.004 1.254
19 24 18.77 0.963
19 25 89.888 0.804
19 26 13.187 0.752
19 27 70.23 0.174
19 28 75.09 1.448
19 29 29.709 0.048
19 30 85.564 0.219
19 31 92.232 0.319
19 32 98.638 1.47
19 33 87.059 0.048
19 34 39.625 1.083
19 35 12.693 1.389
19 36 27.316 0.955
19 37 84.327 0.859
19 38 8.797 0.235
19 39 28.556 0.03
19 40 60.005 0.4
19 41 20.679 0.314
19 42 52.2 0.235
19 43 44.547 0.348
19 44 21.508 0.635
19 45 31.4 1.407
19 46 10.122 1.461
19 47 82.429 0.197
19 48 85.492 1.474
19 49 9.674 0.372
20 21 16.626 0.231
20 22 72.288 0.418
20 23 6.563 1.271
20 24 62.579 0.337
20 25 88.489 0.217
20 26 92.084 0.571
20 27 84.882 1.128
20 28 81.705 1.138
20 29 26.384 0.339
20 30 20.106 0.423
20 31 30.545 0.058
20 32 55.443 0.301
20 33 46.149 0.379
20 34 92.527 0.983
20 35 83.824 0.512
20 36 32.006 0.351
20 37 48.618 0.994
20 38 42.181 1.272
20 39 34.493 1.208
20 40 96.359 0.821
20 41 55.578 0.88
20 42 99.893 0.022
20 43 99.642 0.769
20 44 46.041 0.519
20 45 69.886 1.46
20 46 89.302 1.258
20 47 6.918 0.471
20 48 44.569 1.114
20 49 33.032 1.115
21 22 25.353 0.622
21 23 87.931 0.396
21 24 39.343 0.69
21 25 86.128 1.221
21 26 6.685 0.348
21 27 19.28 0.449
21 28 71.384 0.978
21 29 25.571 1.411
21 30 81.449 0.369
21 31 31.032 0.092
21 32 22.48 0.569
21 33 58.954 0.571
21 34 34.188 0.712
21 35 98.488 0.399
21 36 86.437 1.303
21 37 26.248 0.835
21 38 64.349 0.428
21 39 24.336 0.334
21 40 11.089 0.949
21 41 87.794 1.042
21 42 61.746 1.118
21 43 18.121 0.87
21 44 22.768 1.111
21 45 62.979 0.387
21 46 69.161 0.873
21 47 48.775 1.147
21 48 66.165 1.272
21 49 86.829 0.13
22 23 21.561 0.458
22 24 54.614 1.274
22 25 94.108 0.524
22 26 15.065 0.632
22 27 86.333 1.015
22 28 21.82 0.905
22 29 35.718 1.158
22 30 5.673 0.747
22 31 58.148 1.16
22 32 77.21 1.478
22 33 26.925 1.255
22 34 66.883 0.364
22 35 31.006 0.431
22 36 59.384 0.777
22 37 45.867 0.979
22 38 33.755 0.756
22 39 83.353 0.198
22 40 61.522 0.576
22 41 30.7 1.492
22 42 45.632 1.012
22 43 44.972 0.087
22 44 3.858 0.664
22 45 59.454 1.343
22 46 25.268 0.021
22 47 74.702 1.025
22 48 86.276 0.751
22 49 37.636 0.33
23 24 60.8 0.653
23 25 51.968 0.486
23 26 90.052 0.28
23 27 2.714 1.415
23 28 82.32 0.552
23 29 99.558 0.15
23 30 58.491 0.913
23 31 74.041 0.048
23 32 82.292 0.056
23 33 43.691 1.254
23 34 57.817 0.918
23 35 13.664 1.244
23 36 97.08 0.515
23 37 5.398 0.541
23 38 97.821 0.421
23 39 78.385 1.191
23 40 40.48 1.43
23 41 74.786 0.878
23 42 74.992 0.693
23 43 15.766 0.311
23 44 1.337 0.639
23 45 13.168 0.866
23 46 25.376 0.689
23 47 46.2 0.919
23 48 36.837 0.868
23 49 79.15 1.072
24 25 93.685 0.19
24 26 69.837 0.275
24 27 92.796 0.535
24 28 89.483 1.428
24 29 8.537 0.319
24 30 28.735 0.518
24 31 0.023 0.284
24 32 18.836 1.253
24 33 50.891 1.265
24 34 50.282 1.096
24 35 89.082 1.305
24 36 74.041 0.683
24 37 62.031 0.008
24 38 76.784 0.322
24 39 60.556 0.914
24 40 79.867 1.064
24 41 51.917 0.099
24 42 27.352 0.594
24 43 11.175 1.072
24 44 82.112 0.037
24 45 26.815 0.613
24 46 75.384 1.171
24 47 26.301 1.477
24 48 40.625 0.293
24 49 97.71 1.345
25 26 7.174 1.157
25 27 19.875 1.346
25 28 58.631 0.526
25 29 23.338 0.949
25 30 84.098 1.377
25 31 38.555 1.136
25 32 13.374 0.419
25 33 11.667 0.213
25 34 82.843 1.274
25 35 44.335 1.469
25 36 63.004 1.149
25 37 49.142 0.475
25 38 53.124 0.595
25 39 98.517 0.943
25 40 76.731 0.142
25 41 5.458 0.142
25 42 76.101 0.407
25 43 17.57 0.224
25 44 25.244 0.461
25 45 6.308 0.257
25 46 90.014 0.464
25 47 2.82 0.107
25 48 85.168 1.008
25 49 58.869 1.254
26 27 36.917 0.994
26 28 39.855 0.225
26 29 78.388 0.563
26 30 18.26 1.305
26 31 66.324 0.577
26 32 10.528 0.725
26 33 95.177 1.376
26 34 8.049 0.031
26 35 42.255 0.868
26 36 63.999 0.001
26 37 50.684 0.854
26 38 82.192 0.921
26 39 96.833 1.0
26 40 3.629 0.417
26 41 84.584 0.771
26 42 85.361 0.141
26 43 67.006 0.743
26 44 32.299 0.565
26 45 98.11 0.617
26 46 23.034 0.239
26 47 83.22 0.995
26 48 45.796 1.449
26 49 50.128 1.449
27 28 60.693 0.212
27 29 35.153 1.195
27 30 81.579 0.751
27 31 52.488 1.126
27 32 32.337 0.158
27 33 19.059 0.078
27 34 37.81 0.286
27 35 30.212 1.185
27 36 0.158 1.178
27 37 63.97 0.46
27 38 82.128 0.209
27 39 77.199 0.707
27 40 34.874 1.406
27 41 23.346 1.398
27 42 79.417 0.493
27 43 91.966 0.615
27 44 29.105 1.359
27 45 14.713 1.41
27 46 49.287 1.227
27 47 53.767 0.284
27 48 20.036 1.284
27 49 83.507 1.445
28 29 53.105 0.92
28 30 62.255 0.567
28 31 47.646 0.698
28 32 38.677 0.004
28 33 68.951 0.107
28 34 51.731 1.248
28 35 76.719 0.556
28 36 0.083 0.773
28 37 66.8 0.012
28 38 7.564 0.156
28 39 87.055 0.973
28 40 64.904 0.502
28 41 62.356 0.245
28 42 78.304 0.04
28 43 53.655 0.378
28 44 54.023 1.095
28 45 13.299 0.039
28 46 74.86 1.343
28 47 73.267 0.611
28 48 1.114 0.11
28 49 1.693 1.426
29 30 33.339 0.009
29 31 65.484 1.28
29 32 1.762 1.051
29 33 93.595 0.074
29 34 83.236 0.759
29 35 54.953 0.187
29 36 51.378 0.406
29 37 63.791 0.834
29 38 79.566 0.637
29 39 55.121 0.83
29 40 26.31 1.336
29 41 88.096 0.888
29 42 72.301 0.752
29 43 72.813 0.59
29 44 77.921 0.44
29 45 54.728 1.125
29 46 89.954 0.54
29 47 17.059 0.305
29 48 12.862 0.762
29 49 9.322 0.997
30 31 59.552 1.421
30 32 22.688 0.402
30 33 97.175 1.023
30 34 75.127 0.234
30 35 2.588 0.602
30 36 51.379 0.803
30 37 18.166 0.478
30 38 91.137 0.563
30 39 26.008 1.293
30 40 74.817 0.904
30 41 24.45 1.405
30 42 63.366 0.357
30 43 77.864 0.404
30 44 48.984 0.446
30 45 88.511 1.391
30 46 36.171 1.113
30 47 3.585 0.228
30 48 60.509 1.344
30 49 14.284 0.026
31 32 17.994 1.487
31 33 51.823 1.4
31 34 59.525 0.08
31 35 68.144 1.396
31 36 33.087 1.267
31 37 71.159 1.166
31 38 20.374 0.739
31 39 63.671 0.861
31 40 64.442 1.489
31 41 12.892 0.964
31 42 42.614 0.267
31 43 88.623 0.227
31 44 14.454 1.438
31 45 59.123 0.34
31 46 76.515 1.472
31 47 33.645 1.289
31 48 40.753 0.525
31 49 58.785 0.007
32 33 4.796 0.978
32 34 52.051 0.612
32 35 58.885 0.975
32 36 70.957 1.088
32 37 7.569 1.195
32 38 50.831 1.144
32 39 19.792 0.434
32 40 15.028 0.746
32 41 21.219 0.872
32 42 99.245 0.274
32 43 99.701 1.186
32 44 1.384 0.114
32 45 34.797 0.18
32 46 57.819 0.768
32 47 28.92 0.461
32 48 58.203 1.256
32 49 44.06 0.273
33 34 85.514 0.1
33 35 12.393 0.172
33 36 19.497 0.463
33 37 68.597 0.576
33 38 56.233 1.24
33 39 66.152 0.274
33 40 64.549 0.533
33 41 40.292 0.357
33 42 57.846 0.962
33 43 90.193 0.744
33 44 46.638 0.962
33 45 77.41 0.791
33 46 79.076 0.117
33 47 23.821 0.56
33 48 72.042 1.409
33 49 89.738 1.087
34 35 85.269 1.471
34 36 83.203 0.541
34 37 2.974 1.256
34 38 62.471 0.431
34 39 38.392 1.131
34 40 22.868 0.707
34 41 76.592 1.167
34 42 74.415 0.467
34 43 92.784 0.691
34 44 47.966 1.186
34 45 99.604 0.49
34 46 8.217 0.041
34 47 47.072 1.001
34 48 96.176 0.359
34 49 67.767 0.648
35 36 31.501 0.821
35 37 88.154 0.979
35 38 51.103 0.787
35 39 81.34 1.141
35 40 98.347 0.3
35 41 17.368 0.708
35 42 14.722 0.545
35 43 46.569 0.679
35 44 91.224 0.534
35 45 31.52 1.08
35 46 27.949 0.955
35 47 70.89 1.286
35 48 64.336 1.061
35 49 93.174 0.379
36 37 23.189 0.645
36 38 6.971 0.546
36 39 58.003 0.686
36 40 19.911 0.277
36 41 64.491 1.374
36 42 47.667 0.744
36 43 14.711 0.187
36 44 56.691 0.402
36 45 16.619 1.096
36 46 30.922 0.67
36 47 81.257 0.915
36 48 4.388 0.739
36 49 65.365 0.382
37 38 70.734 1.164
37 39 51.769 0.718
37 40 43.905 0.527
37 41 48.794 0.334
37 42 14.095 0.837
37 43 5.716 0.978
37 44 42.007 1.398
37 45 28.637 1.472
37 46 6.337 1.323
37 47 57.914 1.418
37 48 65.549 1.297
37 49 78.661 0.583
38 39 5.875 0.645
38 40 12.082 1.405
38 41 43.428 0.205
38 42 77.532 1.403
38 43 26.552 0.092
38 44 36.17 0.01
38 45 19.092 0.982
38 46 73.402 0.304
38 47 32.456 0.196
38 48 16.377 0.83
38 49 84.371 0.214
39 40 4.218 0.251
39 41 22.489 0.584
39 42 27.589 0.234
39 43 12.394 0.805
39 44 19.168 0.397
39 45 47.39 0.076
39 46 54.0 0.083
39 47 51.292 0.795
39 48 42.834 0.654
39 49 94.725 0.012
40 41 65.483 1.087
40 42 12.181 0.141
40 43 40.114 0.18
40 44 91.753 0.504
40 45 80.919 0.163
40 46 86.57 0.78
40 47 71.01 0.115
40 48 53.965 0.638
40 49 43.217 1.113
41 42 49.534 0.945
41 43 30.75 1.146
41 44 88.586 0.909
41 45 69.403 0.583
41 46 31.751 0.535
41 47 60.028 0.291
41 48 50.054 1.316
41 49 18.422 1.06
42 43 12.505 0.24
42 44 61.352 1.457
42 45 89.08 0.677
42 46 80.383 1.488
42 47 99.419 0.155
42 48 22.067 0.45
42 49 55.224 1.218
43 44 44.807 0.295
43 45 5.877 0.123
43 46 59.131 0.943
43 47 70.819 0.077
43 48 26.862 1.313
43 49 67.557 0.165
44 45 64.073 0.725
44 46 16.491 0.804
44 47 67.332 1.081
44 48 39.601 0.784
44 49 35.42 0.142
45 46 39.644 1.153
45 47 70.523 0.792
45 48 82.945 0.334
45 49 31.384 1.301
46 47 68.125 0.114
46 48 83.618 0.678
46 49 1.227 0.352
47 48 84.297 1.434
47 49 18.371 1.131
48 49 82.118 0.933